seed,dimension,time,lowerBound,upperBound,termination,LMOcalls,localTighteings,globalTightenings,list_active_set_size_cb,list_discarded_set_size_cb
5,28,1547.0,5.793870023758742,6.406359465699029,OPTIMAL,27,114,114,4,0
5,28,2698.0,5.793870023758742,6.406359465699029,OPTIMAL,48,0,0,9,0
5,28,2788.0,5.821746180368377,6.406359465699029,OPTIMAL,65,4,0,10,2
5,28,2892.0,5.821746180368377,6.406359465699029,OPTIMAL,84,0,0,9,0
5,28,3009.0,5.840615272116848,6.406359465699029,OPTIMAL,106,2,0,12,1
5,28,3116.0,5.840615272116848,6.406359465699029,OPTIMAL,123,0,0,9,0
5,28,3201.0,5.8594495577584,6.406359465699029,OPTIMAL,139,2,0,8,2
5,28,3291.0,5.8594495577584,6.406359465699029,OPTIMAL,156,0,0,8,0
5,28,3404.0,5.881191135836927,6.406359465699029,OPTIMAL,178,1,0,11,2
5,28,3497.0,5.881191135836927,6.406359465699029,OPTIMAL,196,0,0,11,1
5,28,3591.0,5.902699940909029,6.406359465699029,OPTIMAL,215,3,0,8,2
5,28,3691.0,5.902699940909029,6.406359465699029,OPTIMAL,234,0,0,11,2
5,28,3818.0,5.918040557117979,6.406359465699029,OPTIMAL,259,0,0,12,2
5,28,3907.0,5.918040557117979,6.406359465699029,OPTIMAL,276,0,0,9,1
5,28,4011.0,5.933403355436485,6.406359465699029,OPTIMAL,297,0,0,11,2
5,28,4125.0,5.933403355436485,6.406359465699029,OPTIMAL,318,0,0,9,1
5,28,4218.0,5.945758347331668,6.406359465699029,OPTIMAL,337,0,0,12,3
5,28,4290.0,5.945758347331668,6.406359465699029,OPTIMAL,350,0,0,5,3
5,28,4353.0,5.9537451441853735,6.406359465699029,OPTIMAL,362,4,0,4,1
5,28,4458.0,5.9537451441853735,6.406359465699029,OPTIMAL,381,0,0,7,2
5,28,4560.0,5.963198839555527,6.406359465699029,OPTIMAL,402,0,0,10,3
5,28,4645.0,5.963198839555527,6.406359465699029,OPTIMAL,418,0,0,8,3
5,28,4735.0,5.968908798966639,6.406359465699029,OPTIMAL,434,3,0,5,2
5,28,4831.0,5.968908798966639,6.406359465699029,OPTIMAL,453,0,0,8,1
5,28,4934.0,5.978834107801957,6.406359465699029,OPTIMAL,474,0,0,10,2
5,28,5026.0,5.978834107801957,6.406359465699029,OPTIMAL,491,0,0,7,4
5,28,5112.0,5.988598424238765,6.406359465699029,OPTIMAL,507,3,0,4,1
5,28,5208.0,5.988598424238765,6.406359465699029,OPTIMAL,526,0,0,11,0
5,28,5312.0,5.994308636986812,6.406359465699029,OPTIMAL,548,0,0,11,3
5,28,5401.0,5.994308636986812,6.406359465699029,OPTIMAL,564,0,0,8,4
5,28,5499.0,6.000161389318852,6.406359465699029,OPTIMAL,582,4,0,5,1
5,28,5575.0,6.000161389318852,6.406359465699029,OPTIMAL,596,0,0,10,1
5,28,5675.0,6.0072397960840265,6.406359465699029,OPTIMAL,616,2,0,7,2
5,28,5772.0,6.0072397960840265,6.406359465699029,OPTIMAL,632,0,0,12,3
5,28,5882.0,6.0085063483818395,6.406359465699029,OPTIMAL,653,0,0,9,3
5,28,5979.0,6.0085063483818395,6.406359465699029,OPTIMAL,672,0,0,7,1
5,28,6068.0,6.013502838712822,6.406359465699029,OPTIMAL,691,0,0,7,2
5,28,6180.0,6.013502838712822,6.406359465699029,OPTIMAL,710,0,0,11,2
5,28,6291.0,6.013775373135946,6.406359465699029,OPTIMAL,730,3,0,8,1
5,28,6375.0,6.013775373135946,6.406359465699029,OPTIMAL,746,0,0,11,1
5,28,6490.0,6.01974939211197,6.406359465699029,OPTIMAL,768,3,0,10,2
5,28,6581.0,6.01974939211197,6.406359465699029,OPTIMAL,784,0,0,10,5
5,28,6673.0,6.0281536485829585,6.406359465699029,OPTIMAL,802,1,0,5,2
5,28,6752.0,6.0281536485829585,6.406359465699029,OPTIMAL,817,0,0,11,2
5,28,6861.0,6.0288424175609645,6.406359465699029,OPTIMAL,838,0,0,12,3
5,28,6960.0,6.0288424175609645,6.406359465699029,OPTIMAL,858,0,0,10,1
5,28,7058.0,6.032030129381577,6.406359465699029,OPTIMAL,878,0,0,8,3
5,28,7159.0,6.032030129381577,6.406359465699029,OPTIMAL,894,0,0,10,3
5,28,7263.0,6.03459836629793,6.406359465699029,OPTIMAL,913,3,0,6,2
5,28,7362.0,6.03459836629793,6.406359465699029,OPTIMAL,931,0,0,7,3
5,28,7468.0,6.040912084396529,6.406359465699029,OPTIMAL,951,1,0,6,2
5,28,7563.0,6.040912084396529,6.406359465699029,OPTIMAL,969,0,0,9,2
5,28,7647.0,6.0410458490787935,6.406359465699029,OPTIMAL,986,2,0,8,3
5,28,7731.0,6.0410458490787935,6.406359465699029,OPTIMAL,1002,0,0,11,2
5,28,7832.0,6.04117097574776,6.406359465699029,OPTIMAL,1022,1,0,9,2
5,28,7919.0,6.04117097574776,6.406359465699029,OPTIMAL,1037,0,0,9,3
5,28,8034.0,6.045347179722911,6.406359465699029,OPTIMAL,1058,3,0,7,1
5,28,8118.0,6.045347179722911,6.406359465699029,OPTIMAL,1074,0,0,6,4
5,28,8210.0,6.050769797038684,6.406359465699029,OPTIMAL,1089,1,0,6,4
5,28,8311.0,6.050769797038684,6.406359465699029,OPTIMAL,1108,0,0,7,1
5,28,8391.0,6.051074280970737,6.406359465699029,OPTIMAL,1125,0,0,7,1
5,28,8500.0,6.051074280970737,6.406359465699029,OPTIMAL,1143,0,0,10,4
5,28,8599.0,6.052658588678197,6.406359465699029,OPTIMAL,1162,2,0,8,1
5,28,8687.0,6.052658588678197,6.406359465699029,OPTIMAL,1179,0,0,11,1
5,28,8777.0,6.05329857197374,6.406359465699029,OPTIMAL,1198,2,0,7,1
5,28,8884.0,6.05329857197374,6.406359465699029,OPTIMAL,1218,0,0,12,1
5,28,8976.0,6.05631000955396,6.406359465699029,OPTIMAL,1237,3,0,7,3
5,28,9058.0,6.05631000955396,6.406359465699029,OPTIMAL,1253,0,0,5,3
5,28,9147.0,6.06076980151786,6.406359465699029,OPTIMAL,1270,1,0,6,2
5,28,9237.0,6.06076980151786,6.406359465699029,OPTIMAL,1286,0,0,11,4
5,28,9351.0,6.062596281993884,6.406359465699029,OPTIMAL,1309,2,0,5,2
5,28,9432.0,6.062596281993884,6.406359465699029,OPTIMAL,1325,0,0,10,2
5,28,9546.0,6.06381523163721,6.406359465699029,OPTIMAL,1347,1,0,7,2
5,28,9625.0,6.06381523163721,6.406359465699029,OPTIMAL,1363,0,0,5,2
5,28,9709.0,6.069006684590077,6.406359465699029,OPTIMAL,1380,1,0,9,4
5,28,9806.0,6.069006684590077,6.406359465699029,OPTIMAL,1398,0,0,9,2
5,28,9888.0,6.069018194748987,6.406359465699029,OPTIMAL,1415,0,0,9,3
5,28,9978.0,6.069018194748987,6.406359465699029,OPTIMAL,1433,0,0,11,2
5,28,10063.0,6.0704104048889285,6.406359465699029,OPTIMAL,1452,3,0,9,2
5,28,10158.0,6.0704104048889285,6.406359465699029,OPTIMAL,1469,0,0,9,4
5,28,10251.0,6.0731252621826695,6.406359465699029,OPTIMAL,1487,3,0,5,3
5,28,10322.0,6.0731252621826695,6.406359465699029,OPTIMAL,1501,0,0,11,3
5,28,10393.0,6.078860078241472,6.406359465699029,OPTIMAL,1516,0,0,9,1
5,28,10482.0,6.078860078241472,6.406359465699029,OPTIMAL,1532,0,0,13,3
5,28,10573.0,6.080446507277632,6.406359465699029,OPTIMAL,1551,2,0,8,2
5,28,10654.0,6.080446507277632,6.406359465699029,OPTIMAL,1568,0,0,7,2
5,28,10740.0,6.08092511262677,6.406359465699029,OPTIMAL,1586,2,0,8,2
5,28,10820.0,6.08092511262677,6.406359465699029,OPTIMAL,1600,0,0,7,3
5,28,10917.0,6.0809935424277395,6.406359465699029,OPTIMAL,1620,2,0,5,3
5,28,11027.0,6.0809935424277395,6.406359465699029,OPTIMAL,1641,0,0,7,1
5,28,11113.0,6.08345754628672,6.406359465699029,OPTIMAL,1658,0,0,5,2
5,28,11188.0,6.08345754628672,6.406359465699029,OPTIMAL,1673,0,0,5,2
5,28,11267.0,6.085352518513226,6.406359465699029,OPTIMAL,1690,0,0,4,3
5,28,11345.0,6.085352518513226,6.406359465699029,OPTIMAL,1706,0,0,9,5
5,28,11441.0,6.0889432289197405,6.406359465699029,OPTIMAL,1725,0,0,6,1
5,28,11513.0,6.0889432289197405,6.406359465699029,OPTIMAL,1739,0,0,15,3
5,28,11624.0,6.090635245366076,6.406359465699029,OPTIMAL,1763,2,0,6,2
5,28,11697.0,6.090635245366076,6.406359465699029,OPTIMAL,1777,0,0,5,2
5,28,11790.0,6.097753674060132,6.406359465699029,OPTIMAL,1794,1,0,8,1
5,28,11864.0,6.097753674060132,6.406359465699029,OPTIMAL,1809,0,0,9,3
5,28,11955.0,6.097829066263479,6.406359465699029,OPTIMAL,1829,0,0,7,2
5,28,12028.0,6.097829066263479,6.406359465699029,OPTIMAL,1844,0,0,5,2
5,28,12122.0,6.097897453968625,6.406359465699029,OPTIMAL,1862,0,0,3,4
5,28,12203.0,6.097897453968625,6.406359465699029,OPTIMAL,1878,0,0,10,4
5,28,12306.0,6.10061754225776,6.406359465699029,OPTIMAL,1900,0,0,7,2
5,28,12392.0,6.10061754225776,6.406359465699029,OPTIMAL,1918,0,0,7,2
5,28,12497.0,6.102773934363099,6.406359465699029,OPTIMAL,1939,3,0,6,1
5,28,12585.0,6.102773934363099,6.406359465699029,OPTIMAL,1957,0,0,6,2
5,28,12667.0,6.106600264512288,6.406359465699029,OPTIMAL,1974,1,0,6,2
5,28,12769.0,6.106600264512288,6.406359465699029,OPTIMAL,1993,0,0,10,2
5,28,12867.0,6.109169186581777,6.406359465699029,OPTIMAL,2014,4,0,5,1
5,28,12952.0,6.109169186581777,6.406359465699029,OPTIMAL,2031,0,0,10,3
5,28,13031.0,6.111759957058182,6.406359465699029,OPTIMAL,2047,1,0,9,1
5,28,13134.0,6.111759957058182,6.406359465699029,OPTIMAL,2066,0,0,12,2
5,28,13232.0,6.1118738751737505,6.406359465699029,OPTIMAL,2087,2,0,9,1
5,28,13310.0,6.1118738751737505,6.406359465699029,OPTIMAL,2103,0,0,7,3
5,28,13405.0,6.113499990788533,6.406359465699029,OPTIMAL,2122,0,0,6,4
5,28,13490.0,6.113499990788533,6.406359465699029,OPTIMAL,2140,0,0,8,2
5,28,13582.0,6.114382332621278,6.406359465699029,OPTIMAL,2160,0,0,11,2
5,28,13688.0,6.114382332621278,6.406359465699029,OPTIMAL,2181,0,0,3,1
5,28,13802.0,6.114430253209598,6.406359465699029,OPTIMAL,2202,0,0,8,2
5,28,13875.0,6.114430253209598,6.406359465699029,OPTIMAL,2217,0,0,4,2
5,28,13952.0,6.115092253286958,6.406359465699029,OPTIMAL,2234,0,0,3,2
5,28,14042.0,6.115092253286958,6.406359465699029,OPTIMAL,2252,0,0,6,2
5,28,14128.0,6.120592043956632,6.406359465699029,OPTIMAL,2269,0,0,4,2
5,28,14213.0,6.120592043956632,6.406359465699029,OPTIMAL,2286,0,0,9,3
5,28,14311.0,6.120616260644376,6.406359465699029,OPTIMAL,2306,3,0,9,2
5,28,14403.0,6.120616260644376,6.406359465699029,OPTIMAL,2322,0,0,10,4
5,28,14490.0,6.122303568386965,6.406359465699029,OPTIMAL,2340,2,0,3,2
5,28,14567.0,6.122303568386965,6.406359465699029,OPTIMAL,2355,0,0,10,3
5,28,14662.0,6.123554083403604,6.406359465699029,OPTIMAL,2376,1,0,10,3
5,28,14755.0,6.123554083403604,6.406359465699029,OPTIMAL,2393,0,0,13,2
5,28,14853.0,6.127231398633425,6.406359465699029,OPTIMAL,2414,1,0,4,2
5,28,14942.0,6.127231398633425,6.406359465699029,OPTIMAL,2433,0,0,9,2
5,28,15026.0,6.12749357735864,6.406359465699029,OPTIMAL,2451,2,0,6,1
5,28,15106.0,6.12749357735864,6.406359465699029,OPTIMAL,2466,0,0,8,2
5,28,15187.0,6.130491585906641,6.406359465699029,OPTIMAL,2483,0,0,7,2
5,28,15278.0,6.130491585906641,6.406359465699029,OPTIMAL,2501,0,0,4,2
5,28,15365.0,6.1321075471465765,6.406359465699029,OPTIMAL,2519,0,0,3,2
5,28,15448.0,6.1321075471465765,6.406359465699029,OPTIMAL,2535,0,0,3,1
5,28,15521.0,6.132768546382547,6.406359465699029,OPTIMAL,2550,0,0,3,2
5,28,15613.0,6.132768546382547,6.406359465699029,OPTIMAL,2567,0,0,7,2
5,28,15691.0,6.133091550460049,6.406359465699029,OPTIMAL,2583,1,0,8,2
5,28,15785.0,6.133091550460049,6.406359465699029,OPTIMAL,2600,0,0,10,3
5,28,15875.0,6.136092074226524,6.406359465699029,OPTIMAL,2619,2,0,10,1
5,28,15959.0,6.136092074226524,6.406359465699029,OPTIMAL,2636,0,0,10,3
5,28,16053.0,6.136439900996254,6.406359465699029,OPTIMAL,2655,3,0,4,3
5,28,16134.0,6.136439900996254,6.406359465699029,OPTIMAL,2671,0,0,12,1
5,28,16224.0,6.1394568417304205,6.406359465699029,OPTIMAL,2689,1,0,7,1
5,28,16295.0,6.1394568417304205,6.406359465699029,OPTIMAL,2703,1,0,7,1
5,28,16356.0,6.141681899155059,6.366698088453634,OPTIMAL,2715,10,0,2,1
5,28,16440.0,6.141681899155059,6.366698088453634,OPTIMAL,2730,0,0,6,2
5,28,16536.0,6.1444238986477995,6.366698088453634,OPTIMAL,2751,0,0,7,3
5,28,16616.0,6.1444238986477995,6.366698088453634,OPTIMAL,2768,0,0,7,3
5,28,16698.0,6.145334493449068,6.366698088453634,OPTIMAL,2786,0,0,5,2
5,28,16795.0,6.145334493449068,6.366698088453634,OPTIMAL,2805,0,0,9,1
5,28,16890.0,6.145742302756557,6.366698088453634,OPTIMAL,2825,0,0,10,3
5,28,16991.0,6.145742302756557,6.366698088453634,OPTIMAL,2846,0,0,6,1
5,28,17098.0,6.1467093888888575,6.366698088453634,OPTIMAL,2865,0,0,8,4
5,28,17181.0,6.1467093888888575,6.366698088453634,OPTIMAL,2881,0,0,8,2
5,28,17265.0,6.147465462253489,6.366698088453634,OPTIMAL,2898,0,0,6,4
5,28,17344.0,6.147465462253489,6.366698088453634,OPTIMAL,2914,0,0,10,2
5,28,17431.0,6.147555534548358,6.366698088453634,OPTIMAL,2931,2,0,12,5
5,28,17517.0,6.147555534548358,6.366698088453634,OPTIMAL,2949,0,0,3,2
5,28,17594.0,6.148204930895357,6.366698088453634,OPTIMAL,2965,0,0,6,3
5,28,17677.0,6.148204930895357,6.366698088453634,OPTIMAL,2982,0,0,12,1
5,28,17783.0,6.149711326042394,6.366698088453634,OPTIMAL,3002,3,0,5,1
5,28,17884.0,6.149711326042394,6.366698088453634,OPTIMAL,3023,0,0,7,5
5,28,17990.0,6.153710690786088,6.366698088453634,OPTIMAL,3046,1,0,8,2
5,28,18064.0,6.153710690786088,6.366698088453634,OPTIMAL,3059,0,0,7,2
5,28,18108.0,6.154096793632656,6.366698088453634,OPTIMAL,3068,6,0,4,3
5,28,18184.0,6.154096793632656,6.366698088453634,OPTIMAL,3084,0,0,3,1
5,28,18256.0,6.157752387482835,6.366698088453634,OPTIMAL,3100,0,0,4,3
5,28,18339.0,6.157752387482835,6.366698088453634,OPTIMAL,3117,0,0,10,2
5,28,18445.0,6.157753421434916,6.366698088453634,OPTIMAL,3137,1,0,15,3
5,28,18525.0,6.157753421434916,6.366698088453634,OPTIMAL,3154,0,0,8,2
5,28,18605.0,6.1590393597220485,6.366698088453634,OPTIMAL,3172,0,0,3,3
5,28,18692.0,6.1590393597220485,6.366698088453634,OPTIMAL,3189,0,0,10,2
5,28,18756.0,6.159294136610606,6.366698088453634,OPTIMAL,3201,0,0,12,5
5,28,18845.0,6.159294136610606,6.366698088453634,OPTIMAL,3219,0,0,10,3
5,28,18939.0,6.159413040935704,6.366698088453634,OPTIMAL,3239,1,0,8,2
5,28,19023.0,6.159413040935704,6.366698088453634,OPTIMAL,3256,0,0,8,2
5,28,19130.0,6.15980397819272,6.366698088453634,OPTIMAL,3277,0,0,6,3
5,28,19198.0,6.15980397819272,6.366698088453634,OPTIMAL,3290,0,0,7,2
5,28,19236.0,6.161237508043112,6.366698088453634,OPTIMAL,3298,6,0,3,3
5,28,19314.0,6.161237508043112,6.366698088453634,OPTIMAL,3315,0,0,6,2
5,28,19385.0,6.163548688380071,6.366698088453634,OPTIMAL,3331,0,0,4,1
5,28,19474.0,6.163548688380071,6.366698088453634,OPTIMAL,3347,0,0,9,2
5,28,19513.0,6.164109202834196,6.366698088453634,OPTIMAL,3354,2,0,7,3
5,28,19601.0,6.164109202834196,6.366698088453634,OPTIMAL,3371,0,0,6,1
5,28,19695.0,6.164472184527134,6.366698088453634,OPTIMAL,3390,1,0,6,2
5,28,19795.0,6.164472184527134,6.366698088453634,OPTIMAL,3409,0,0,6,6
5,28,19890.0,6.1665510438415465,6.366698088453634,OPTIMAL,3428,0,0,7,5
5,28,19947.0,6.1665510438415465,6.366698088453634,OPTIMAL,3439,0,0,6,2
5,28,19982.0,6.167078174332166,6.366698088453634,OPTIMAL,3446,5,0,3,5
5,28,20087.0,6.167078174332166,6.366698088453634,OPTIMAL,3466,0,0,8,5
5,28,20187.0,6.167253229779022,6.366698088453634,OPTIMAL,3488,0,0,15,2
5,28,20280.0,6.167253229779022,6.366698088453634,OPTIMAL,3507,0,0,5,2
5,28,20354.0,6.169887987666201,6.366698088453634,OPTIMAL,3523,0,0,5,1
5,28,20450.0,6.169887987666201,6.366698088453634,OPTIMAL,3541,0,0,9,5
5,28,20539.0,6.170818155789658,6.366698088453634,OPTIMAL,3561,2,0,13,4
5,28,20633.0,6.170818155789658,6.366698088453634,OPTIMAL,3579,0,0,10,1
5,28,20693.0,6.172807204646718,6.366698088453634,OPTIMAL,3592,0,0,9,2
5,28,20771.0,6.172807204646718,6.366698088453634,OPTIMAL,3606,0,0,9,3
5,28,20810.0,6.173053378112698,6.366698088453634,OPTIMAL,3614,7,0,4,3
5,28,20889.0,6.173053378112698,6.366698088453634,OPTIMAL,3631,0,0,7,2
5,28,20957.0,6.1739350357594756,6.366698088453634,OPTIMAL,3645,0,0,12,5
5,28,21013.0,6.1739350357594756,6.366698088453634,OPTIMAL,3656,0,0,6,2
5,28,21048.0,6.17452941457522,6.366698088453634,OPTIMAL,3663,2,0,4,3
5,28,21151.0,6.17452941457522,6.366698088453634,OPTIMAL,3683,0,0,6,3
5,28,21240.0,6.176382340147574,6.366698088453634,OPTIMAL,3703,2,0,11,5
5,28,21308.0,6.176382340147574,6.366698088453634,OPTIMAL,3716,0,0,8,2
5,28,21343.0,6.176934836031177,6.366698088453634,OPTIMAL,3723,2,0,5,2
5,28,21415.0,6.176934836031177,6.366698088453634,OPTIMAL,3738,0,0,5,3
5,28,21474.0,6.179945564085235,6.366698088453634,OPTIMAL,3751,0,0,9,2
5,28,21552.0,6.179945564085235,6.366698088453634,OPTIMAL,3766,0,0,9,2
5,28,21590.0,6.1802026622767965,6.366698088453634,OPTIMAL,3773,7,0,3,6
5,28,21663.0,6.1802026622767965,6.366698088453634,OPTIMAL,3789,0,0,5,2
5,28,21717.0,6.180457768958897,6.366698088453634,OPTIMAL,3801,0,0,8,4
5,28,21809.0,6.180457768958897,6.366698088453634,OPTIMAL,3818,0,0,8,1
5,28,21888.0,6.1805724061571174,6.366698088453634,OPTIMAL,3834,0,0,11,4
5,28,21971.0,6.1805724061571174,6.366698088453634,OPTIMAL,3852,0,0,4,4
5,28,22039.0,6.181824127855742,6.366698088453634,OPTIMAL,3867,0,0,12,4
5,28,22136.0,6.181824127855742,6.366698088453634,OPTIMAL,3886,0,0,8,5
5,28,22191.0,6.182134189914277,6.366698088453634,OPTIMAL,3898,0,0,10,3
5,28,22250.0,6.182134189914277,6.366698088453634,OPTIMAL,3910,0,0,7,2
5,28,22284.0,6.182392859257765,6.366698088453634,OPTIMAL,3917,1,0,4,3
5,28,22358.0,6.182392859257765,6.366698088453634,OPTIMAL,3934,0,0,2,1
5,28,22429.0,6.182971054318217,6.366698088453634,OPTIMAL,3950,0,0,3,2
5,28,22540.0,6.182971054318217,6.366698088453634,OPTIMAL,3972,0,0,6,2
5,28,22633.0,6.184158538979574,6.366698088453634,OPTIMAL,3992,0,0,8,1
5,28,22723.0,6.184158538979574,6.366698088453634,OPTIMAL,4009,0,0,5,1
5,28,22790.0,6.184496703560355,6.366698088453634,OPTIMAL,4022,1,0,7,7
5,28,22851.0,6.184496703560355,6.366698088453634,OPTIMAL,4032,0,0,6,2
5,28,22887.0,6.185281702642737,6.366698088453634,OPTIMAL,4039,4,0,4,4
5,28,22965.0,6.185281702642737,6.366698088453634,OPTIMAL,4056,0,0,7,5
5,28,23039.0,6.1854960598505295,6.366698088453634,OPTIMAL,4073,0,0,14,5
5,28,23124.0,6.1854960598505295,6.366698088453634,OPTIMAL,4091,0,0,7,1
5,28,23189.0,6.187738524185379,6.366698088453634,OPTIMAL,4103,0,0,11,3
5,28,23265.0,6.187738524185379,6.366698088453634,OPTIMAL,4118,0,0,8,1
5,28,23327.0,6.1884683635618165,6.357531325116497,OPTIMAL,4125,2,0,4,4
5,28,23384.0,6.1884683635618165,6.357531325116497,OPTIMAL,4136,0,0,7,2
5,28,23423.0,6.18920602791272,6.357531325116497,OPTIMAL,4145,3,0,3,3
5,28,23553.0,6.18920602791272,6.357531325116497,OPTIMAL,4166,0,0,7,3
5,28,23605.0,6.189523479146424,6.357531325116497,OPTIMAL,4177,0,0,11,7
5,28,23693.0,6.189523479146424,6.357531325116497,OPTIMAL,4196,0,0,5,1
5,28,23741.0,6.189784276869321,6.357531325116497,OPTIMAL,4206,0,0,8,2
5,28,23823.0,6.189784276869321,6.357531325116497,OPTIMAL,4223,0,0,6,1
5,28,23871.0,6.19154312606668,6.357531325116497,OPTIMAL,4233,0,0,7,3
5,28,23965.0,6.19154312606668,6.357531325116497,OPTIMAL,4250,0,0,9,1
5,28,24002.0,6.192001053388076,6.357531325116497,OPTIMAL,4257,7,0,4,4
5,28,24064.0,6.192001053388076,6.357531325116497,OPTIMAL,4269,0,0,4,1
5,28,24097.0,6.19349466544723,6.357531325116497,OPTIMAL,4275,0,0,6,2
5,28,24161.0,6.19349466544723,6.357531325116497,OPTIMAL,4288,0,0,5,1
5,28,24195.0,6.195803238616204,6.357531325116497,OPTIMAL,4295,1,0,3,3
5,28,24290.0,6.195803238616204,6.357531325116497,OPTIMAL,4314,0,0,8,4
5,28,24333.0,6.195973336988376,6.357531325116497,OPTIMAL,4323,0,0,11,5
5,28,24413.0,6.195973336988376,6.357531325116497,OPTIMAL,4340,0,0,8,5
5,28,24464.0,6.196231901738432,6.357531325116497,OPTIMAL,4351,0,0,11,3
5,28,24534.0,6.196231901738432,6.357531325116497,OPTIMAL,4365,0,0,3,1
5,28,24567.0,6.196545185102204,6.357531325116497,OPTIMAL,4371,0,0,9,1
5,28,24657.0,6.196545185102204,6.357531325116497,OPTIMAL,4389,0,0,6,2
5,28,24711.0,6.197726021783152,6.357531325116497,OPTIMAL,4401,0,0,9,3
5,28,24808.0,6.197726021783152,6.357531325116497,OPTIMAL,4421,0,0,6,1
5,28,24857.0,6.199373952548088,6.357531325116497,OPTIMAL,4430,0,0,13,2
5,28,24950.0,6.199373952548088,6.357531325116497,OPTIMAL,4449,0,0,7,1
5,28,24990.0,6.199793623663758,6.357531325116497,OPTIMAL,4458,0,0,8,3
5,28,25078.0,6.199793623663758,6.357531325116497,OPTIMAL,4476,0,0,7,2
5,28,25126.0,6.201000082908169,6.357531325116497,OPTIMAL,4486,0,0,7,2
5,28,25190.0,6.201000082908169,6.357531325116497,OPTIMAL,4499,0,0,8,1
5,28,25221.0,6.201081710798711,6.357531325116497,OPTIMAL,4505,5,0,4,1
5,28,25279.0,6.201081710798711,6.357531325116497,OPTIMAL,4517,0,0,5,1
5,28,25321.0,6.201674956982864,6.357531325116497,OPTIMAL,4524,0,0,6,4
5,28,25396.0,6.201674956982864,6.357531325116497,OPTIMAL,4540,0,0,3,1
5,28,25433.0,6.201846044413598,6.357531325116497,OPTIMAL,4547,0,0,4,4
5,28,25502.0,6.201846044413598,6.357531325116497,OPTIMAL,4562,0,0,6,2
5,28,25554.0,6.202117687929925,6.357531325116497,OPTIMAL,4573,0,0,10,2
5,28,25627.0,6.202117687929925,6.357531325116497,OPTIMAL,4587,0,0,7,3
5,28,25672.0,6.202437843574744,6.357531325116497,OPTIMAL,4594,5,0,6,3
5,28,25750.0,6.202437843574744,6.357531325116497,OPTIMAL,4611,0,0,9,3
5,28,25799.0,6.203727548416962,6.357531325116497,OPTIMAL,4622,0,0,9,4
5,28,25888.0,6.203727548416962,6.357531325116497,OPTIMAL,4642,0,0,4,1
5,28,25927.0,6.204843878380036,6.357531325116497,OPTIMAL,4650,0,0,12,2
5,28,26011.0,6.204843878380036,6.357531325116497,OPTIMAL,4667,0,0,4,2
5,28,26050.0,6.206359620578178,6.357531325116497,OPTIMAL,4676,0,0,6,3
5,28,26108.0,6.206359620578178,6.357531325116497,OPTIMAL,4689,0,0,9,1
5,28,26141.0,6.207173973256633,6.357531325116497,OPTIMAL,4696,2,0,6,2
5,28,26225.0,6.207173973256633,6.357531325116497,OPTIMAL,4715,0,0,11,3
5,28,26267.0,6.207327534713136,6.357531325116497,OPTIMAL,4724,0,0,9,4
5,28,26339.0,6.207327534713136,6.357531325116497,OPTIMAL,4736,0,0,8,1
5,28,26378.0,6.208321742398,6.357531325116497,OPTIMAL,4743,4,0,5,3
5,28,26441.0,6.208321742398,6.357531325116497,OPTIMAL,4756,0,0,2,1
5,28,26474.0,6.209759802715023,6.357531325116497,OPTIMAL,4762,0,0,7,1
5,28,26547.0,6.209759802715023,6.357531325116497,OPTIMAL,4778,0,0,5,1
5,28,26584.0,6.209775949015644,6.357531325116497,OPTIMAL,4786,0,0,5,2
5,28,26674.0,6.209775949015644,6.357531325116497,OPTIMAL,4804,0,0,7,3
5,28,26712.0,6.209992380143116,6.357531325116497,OPTIMAL,4812,0,0,7,4
5,28,26771.0,6.209992380143116,6.357531325116497,OPTIMAL,4825,0,0,3,1
5,28,26805.0,6.210394302674366,6.357531325116497,OPTIMAL,4832,0,0,3,1
5,28,26871.0,6.210394302674366,6.357531325116497,OPTIMAL,4845,0,0,5,2
5,28,26912.0,6.211012712997174,6.357531325116497,OPTIMAL,4853,5,0,4,6
5,28,26982.0,6.211012712997174,6.357531325116497,OPTIMAL,4866,0,0,9,3
5,28,27026.0,6.212301858613124,6.357531325116497,OPTIMAL,4873,4,0,7,1
5,28,27085.0,6.212301858613124,6.357531325116497,OPTIMAL,4886,0,0,7,2
5,28,27115.0,6.213422854397659,6.357531325116497,OPTIMAL,4892,2,0,5,1
5,28,27195.0,6.213422854397659,6.357531325116497,OPTIMAL,4908,0,0,6,1
5,28,27239.0,6.214082216967613,6.357531325116497,OPTIMAL,4917,0,0,7,3
5,28,27314.0,6.214082216967613,6.357531325116497,OPTIMAL,4931,0,0,11,1
5,28,27351.0,6.2141844019854435,6.357531325116497,OPTIMAL,4938,4,0,5,2
5,28,27429.0,6.2141844019854435,6.357531325116497,OPTIMAL,4953,0,0,6,1
5,28,27481.0,6.214715179718272,6.357531325116497,OPTIMAL,4965,0,0,8,1
5,28,27563.0,6.214715179718272,6.357531325116497,OPTIMAL,4983,0,0,8,1
5,28,27596.0,6.215965507954176,6.357531325116497,OPTIMAL,4990,1,0,8,2
5,28,27666.0,6.215965507954176,6.357531325116497,OPTIMAL,5007,0,0,2,1
5,28,27711.0,6.216395347097656,6.357531325116497,OPTIMAL,5015,4,0,2,5
5,28,27787.0,6.216395347097656,6.357531325116497,OPTIMAL,5030,0,0,8,3
5,28,27823.0,6.216686581036004,6.357531325116497,OPTIMAL,5037,8,0,4,5
5,28,27897.0,6.216686581036004,6.357531325116497,OPTIMAL,5051,0,0,9,3
5,28,27935.0,6.217757362576341,6.357531325116497,OPTIMAL,5058,7,0,6,2
5,28,27983.0,6.217757362576341,6.357531325116497,OPTIMAL,5068,0,0,6,2
5,28,28013.0,6.2184844907007655,6.357531325116497,OPTIMAL,5074,0,0,6,1
5,28,28101.0,6.2184844907007655,6.357531325116497,OPTIMAL,5092,0,0,5,1
5,28,28147.0,6.2188756111515175,6.357531325116497,OPTIMAL,5103,0,0,7,5
5,28,28211.0,6.2188756111515175,6.357531325116497,OPTIMAL,5116,0,0,6,1
5,28,28246.0,6.219211556600756,6.357531325116497,OPTIMAL,5123,3,0,5,1
5,28,28334.0,6.219211556600756,6.357531325116497,OPTIMAL,5143,0,0,7,1
5,28,28377.0,6.219585033729415,6.357531325116497,OPTIMAL,5152,0,0,11,2
5,28,28449.0,6.219585033729415,6.357531325116497,OPTIMAL,5169,0,0,2,1
5,28,28494.0,6.220022678974694,6.357531325116497,OPTIMAL,5179,0,0,6,3
5,28,28579.0,6.220022678974694,6.357531325116497,OPTIMAL,5198,0,0,5,1
5,28,28622.0,6.221040392925065,6.357531325116497,OPTIMAL,5207,0,0,9,5
5,28,28696.0,6.221040392925065,6.357531325116497,OPTIMAL,5223,0,0,7,4
5,28,28740.0,6.221046818320056,6.357531325116497,OPTIMAL,5231,1,0,6,2
5,28,28833.0,6.221046818320056,6.357531325116497,OPTIMAL,5251,0,0,6,2
5,28,28925.0,6.221392913218824,6.357531325116497,OPTIMAL,5271,0,0,11,4
5,28,28996.0,6.221392913218824,6.357531325116497,OPTIMAL,5284,0,0,10,1
5,28,29033.0,6.222015009284457,6.357531325116497,OPTIMAL,5291,8,0,3,2
5,28,29088.0,6.222015009284457,6.357531325116497,OPTIMAL,5304,0,0,2,1
5,28,29129.0,6.222147842843467,6.357531325116497,OPTIMAL,5311,1,0,3,3
5,28,29218.0,6.222147842843467,6.357531325116497,OPTIMAL,5329,0,0,10,3
5,28,29252.0,6.222408356905222,6.357531325116497,OPTIMAL,5336,6,0,5,3
5,28,29328.0,6.222408356905222,6.357531325116497,OPTIMAL,5351,0,0,12,3
5,28,29365.0,6.222698221630953,6.357531325116497,OPTIMAL,5358,4,0,6,2
5,28,29434.0,6.222698221630953,6.357531325116497,OPTIMAL,5373,0,0,8,2
5,28,29473.0,6.223732882914225,6.357531325116497,OPTIMAL,5379,1,0,5,1
5,28,29552.0,6.223732882914225,6.357531325116497,OPTIMAL,5394,0,0,8,3
5,28,29588.0,6.223760611067427,6.357531325116497,OPTIMAL,5401,3,0,6,1
5,28,29674.0,6.223760611067427,6.357531325116497,OPTIMAL,5420,0,0,4,3
5,28,29717.0,6.224336656587019,6.357531325116497,OPTIMAL,5429,0,0,8,6
5,28,29788.0,6.224336656587019,6.357531325116497,OPTIMAL,5444,0,0,2,1
5,28,29844.0,6.224567134092416,6.357531325116497,OPTIMAL,5454,0,0,6,3
5,28,29923.0,6.224567134092416,6.357531325116497,OPTIMAL,5470,0,0,8,2
5,28,29963.0,6.225146780375591,6.357531325116497,OPTIMAL,5478,5,0,4,4
5,28,30033.0,6.225146780375591,6.357531325116497,OPTIMAL,5491,0,0,8,1
5,28,30067.0,6.226249137718107,6.357531325116497,OPTIMAL,5497,3,0,6,2
5,28,30138.0,6.226249137718107,6.357531325116497,OPTIMAL,5512,0,0,7,1
5,28,30178.0,6.226590396087457,6.357531325116497,OPTIMAL,5519,0,0,6,2
5,28,30237.0,6.226590396087457,6.357531325116497,OPTIMAL,5534,0,0,2,2
5,28,30263.0,6.226649560614946,6.357531325116497,OPTIMAL,5539,1,0,3,3
5,28,30342.0,6.226649560614946,6.357531325116497,OPTIMAL,5555,0,0,5,2
5,28,30378.0,6.227384560240607,6.357531325116497,OPTIMAL,5563,0,0,6,1
5,28,30444.0,6.227384560240607,6.357531325116497,OPTIMAL,5575,0,0,13,3
5,28,30479.0,6.228624914086223,6.357531325116497,OPTIMAL,5582,7,0,3,2
5,28,30549.0,6.228624914086223,6.357531325116497,OPTIMAL,5595,0,0,5,1
5,28,30581.0,6.22968604546407,6.357531325116497,OPTIMAL,5601,2,0,5,3
5,28,30662.0,6.22968604546407,6.357531325116497,OPTIMAL,5618,0,0,5,1
5,28,30700.0,6.229805184619591,6.357531325116497,OPTIMAL,5625,0,0,6,1
5,28,30752.0,6.229805184619591,6.357531325116497,OPTIMAL,5636,0,0,4,2
5,28,30786.0,6.2306483459280075,6.357531325116497,OPTIMAL,5643,1,0,4,2
5,28,30866.0,6.2306483459280075,6.357531325116497,OPTIMAL,5657,0,0,8,2
5,28,30904.0,6.230663975260679,6.357531325116497,OPTIMAL,5664,3,0,6,3
5,28,30968.0,6.230663975260679,6.357531325116497,OPTIMAL,5676,0,0,8,1
5,28,31006.0,6.2310005415621195,6.357531325116497,OPTIMAL,5683,7,0,3,6
5,28,31080.0,6.2310005415621195,6.357531325116497,OPTIMAL,5697,0,0,9,2
5,28,31115.0,6.231321080626387,6.357531325116497,OPTIMAL,5704,6,0,5,5
5,28,31191.0,6.231321080626387,6.357531325116497,OPTIMAL,5722,0,0,3,2
5,28,31238.0,6.231663012296966,6.357531325116497,OPTIMAL,5731,0,0,7,2
5,28,31324.0,6.231663012296966,6.357531325116497,OPTIMAL,5750,0,0,6,3
5,28,31358.0,6.2320870762863985,6.357531325116497,OPTIMAL,5757,0,0,7,2
5,28,31431.0,6.2320870762863985,6.357531325116497,OPTIMAL,5772,0,0,5,2
5,28,31465.0,6.23313638795176,6.357531325116497,OPTIMAL,5779,5,0,4,3
5,28,31517.0,6.23313638795176,6.357531325116497,OPTIMAL,5789,0,0,9,2
5,28,31557.0,6.233996477744877,6.357531325116497,OPTIMAL,5795,3,0,5,1
5,28,31645.0,6.233996477744877,6.357531325116497,OPTIMAL,5815,0,0,6,1
5,28,31681.0,6.23480324131828,6.357531325116497,OPTIMAL,5823,0,0,9,4
5,28,31743.0,6.23480324131828,6.357531325116497,OPTIMAL,5836,0,0,8,2
5,28,31776.0,6.234817138487099,6.357531325116497,OPTIMAL,5842,2,0,7,3
5,28,31832.0,6.234817138487099,6.357531325116497,OPTIMAL,5855,0,0,3,1
5,28,31870.0,6.234956164622924,6.357531325116497,OPTIMAL,5863,0,0,5,2
5,28,31947.0,6.234956164622924,6.357531325116497,OPTIMAL,5878,0,0,6,1
5,28,31976.0,6.235565231919104,6.357531325116497,OPTIMAL,5884,2,0,5,3
5,28,32051.0,6.235565231919104,6.357531325116497,OPTIMAL,5899,0,0,8,2
5,28,32086.0,6.235604733063457,6.357531325116497,OPTIMAL,5906,0,0,5,1
5,28,32185.0,6.235604733063457,6.357531325116497,OPTIMAL,5926,0,0,9,2
5,28,32227.0,6.2361325928466425,6.357531325116497,OPTIMAL,5935,0,0,8,1
5,28,32307.0,6.2361325928466425,6.357531325116497,OPTIMAL,5951,0,0,5,1
5,28,32343.0,6.236445342888947,6.357531325116497,OPTIMAL,5958,0,0,5,4
5,28,32397.0,6.236445342888947,6.357531325116497,OPTIMAL,5972,0,0,1,2
5,28,32428.0,6.236798235933109,6.357531325116497,OPTIMAL,5979,0,0,4,2
5,28,32512.0,6.236798235933109,6.357531325116497,OPTIMAL,5998,0,0,7,1
5,28,32547.0,6.237774080565883,6.357531325116497,OPTIMAL,6005,0,0,7,4
5,28,32636.0,6.237774080565883,6.357531325116497,OPTIMAL,6023,0,0,6,1
5,28,32670.0,6.237975477411874,6.357531325116497,OPTIMAL,6030,0,0,9,2
5,28,32738.0,6.237975477411874,6.357531325116497,OPTIMAL,6043,0,0,8,5
5,28,32770.0,6.238087560586537,6.357531325116497,OPTIMAL,6050,8,0,5,2
5,28,32827.0,6.238087560586537,6.357531325116497,OPTIMAL,6062,0,0,9,2
5,28,32855.0,6.238234362995139,6.357531325116497,OPTIMAL,6068,0,0,6,2
5,28,32932.0,6.238234362995139,6.357531325116497,OPTIMAL,6084,0,0,7,2
5,28,32978.0,6.238737958035908,6.357531325116497,OPTIMAL,6091,3,0,4,7
5,28,33026.0,6.238737958035908,6.357531325116497,OPTIMAL,6103,0,0,1,1
5,28,33062.0,6.238816708909329,6.357531325116497,OPTIMAL,6111,1,0,3,3
5,28,33133.0,6.238816708909329,6.357531325116497,OPTIMAL,6126,0,0,9,2
5,28,33167.0,6.239502536769061,6.357531325116497,OPTIMAL,6133,4,0,4,3
5,28,33246.0,6.239502536769061,6.357531325116497,OPTIMAL,6151,0,0,5,1
5,28,33280.0,6.239674093055152,6.357531325116497,OPTIMAL,6158,0,0,10,3
5,28,33360.0,6.239674093055152,6.357531325116497,OPTIMAL,6173,0,0,10,2
5,28,33397.0,6.240612085650467,6.357531325116497,OPTIMAL,6180,1,0,6,3
5,28,33476.0,6.240612085650467,6.357531325116497,OPTIMAL,6195,0,0,6,3
5,28,33516.0,6.243287656428732,6.357531325116497,OPTIMAL,6202,3,0,4,3
5,28,33573.0,6.243287656428732,6.357531325116497,OPTIMAL,6214,0,0,4,1
5,28,33607.0,6.243649473019616,6.357531325116497,OPTIMAL,6221,1,0,5,2
5,28,33690.0,6.243649473019616,6.357531325116497,OPTIMAL,6237,0,0,9,3
5,28,33723.0,6.244045415909028,6.357531325116497,OPTIMAL,6244,3,0,4,2
5,28,33780.0,6.244045415909028,6.357531325116497,OPTIMAL,6256,0,0,5,1
5,28,33814.0,6.24427876667925,6.357531325116497,OPTIMAL,6263,0,0,5,1
5,28,33910.0,6.24427876667925,6.357531325116497,OPTIMAL,6283,0,0,4,2
5,28,33946.0,6.2442947745737385,6.357531325116497,OPTIMAL,6290,0,0,6,2
5,28,34010.0,6.2442947745737385,6.357531325116497,OPTIMAL,6302,0,0,6,2
5,28,34042.0,6.244901274312667,6.357531325116497,OPTIMAL,6309,4,0,4,3
5,28,34115.0,6.244901274312667,6.357531325116497,OPTIMAL,6326,0,0,6,1
5,28,34145.0,6.244973040037228,6.357531325116497,OPTIMAL,6333,0,0,6,2
5,28,34203.0,6.244973040037228,6.357531325116497,OPTIMAL,6346,0,0,2,1
5,28,34237.0,6.246338870109845,6.357531325116497,OPTIMAL,6353,1,0,3,4
5,28,34305.0,6.246338870109845,6.357531325116497,OPTIMAL,6366,0,0,6,1
5,28,34340.0,6.2466465458296625,6.357531325116497,OPTIMAL,6372,0,0,7,2
5,28,34417.0,6.2466465458296625,6.357531325116497,OPTIMAL,6386,0,0,12,5
5,28,34454.0,6.246943910447634,6.357531325116497,OPTIMAL,6394,4,0,6,4
5,28,34510.0,6.246943910447634,6.357531325116497,OPTIMAL,6405,0,0,7,2
5,28,34544.0,6.247888173787447,6.357531325116497,OPTIMAL,6412,3,0,5,3
5,28,34625.0,6.247888173787447,6.357531325116497,OPTIMAL,6430,0,0,5,1
5,28,34659.0,6.248409101570216,6.357531325116497,OPTIMAL,6437,0,0,8,3
5,28,34747.0,6.248409101570216,6.357531325116497,OPTIMAL,6455,0,0,6,2
5,28,34781.0,6.248638539479134,6.357531325116497,OPTIMAL,6462,0,0,9,3
5,28,34868.0,6.248638539479134,6.357531325116497,OPTIMAL,6480,0,0,7,1
5,28,34904.0,6.249337541395622,6.357531325116497,OPTIMAL,6487,0,0,7,1
5,28,34954.0,6.249337541395622,6.357531325116497,OPTIMAL,6497,0,0,6,2
5,28,34988.0,6.249999483607322,6.357531325116497,OPTIMAL,6504,2,0,5,2
5,28,35081.0,6.249999483607322,6.357531325116497,OPTIMAL,6523,0,0,5,3
5,28,35116.0,6.250023646868153,6.357531325116497,OPTIMAL,6530,0,0,8,2
5,28,35199.0,6.250023646868153,6.357531325116497,OPTIMAL,6548,0,0,9,3
5,28,35230.0,6.250063515041434,6.357531325116497,OPTIMAL,6555,9,0,4,3
5,28,35303.0,6.250063515041434,6.357531325116497,OPTIMAL,6571,0,0,5,1
5,28,35341.0,6.25019075044392,6.357531325116497,OPTIMAL,6578,0,0,6,3
5,28,35424.0,6.25019075044392,6.357531325116497,OPTIMAL,6594,0,0,9,3
5,28,35457.0,6.250758268619185,6.357531325116497,OPTIMAL,6601,11,0,3,4
5,28,35519.0,6.250758268619185,6.357531325116497,OPTIMAL,6614,0,0,3,1
5,28,35553.0,6.251127019742935,6.357531325116497,OPTIMAL,6621,1,0,4,4
5,28,35626.0,6.251127019742935,6.357531325116497,OPTIMAL,6637,0,0,7,2
5,28,35662.0,6.251573672744949,6.357531325116497,OPTIMAL,6644,1,0,5,3
5,28,35736.0,6.251573672744949,6.357531325116497,OPTIMAL,6657,0,0,7,1
5,28,35773.0,6.252222473807211,6.357531325116497,OPTIMAL,6664,0,0,6,3
5,28,35845.0,6.252222473807211,6.357531325116497,OPTIMAL,6679,0,0,6,1
5,28,35880.0,6.252528592851979,6.357531325116497,OPTIMAL,6686,4,0,5,3
5,28,35940.0,6.252528592851979,6.357531325116497,OPTIMAL,6700,0,0,2,1
5,28,35975.0,6.252711909797823,6.357531325116497,OPTIMAL,6707,1,0,5,3
5,28,36043.0,6.252711909797823,6.357531325116497,OPTIMAL,6722,0,0,6,1
5,28,36076.0,6.2530603109803,6.357531325116497,OPTIMAL,6729,0,0,5,2
5,28,36171.0,6.2530603109803,6.357531325116497,OPTIMAL,6749,0,0,3,1
5,28,36221.0,6.2535456088625025,6.357531325116497,OPTIMAL,6760,0,0,6,7
5,28,36307.0,6.2535456088625025,6.357531325116497,OPTIMAL,6778,0,0,4,2
5,28,36341.0,6.253610744500226,6.357531325116497,OPTIMAL,6785,0,0,8,2
5,28,36419.0,6.253610744500226,6.357531325116497,OPTIMAL,6803,0,0,4,1
5,28,36468.0,6.254186624468219,6.357531325116497,OPTIMAL,6812,1,0,7,6
5,28,36534.0,6.254186624468219,6.357531325116497,OPTIMAL,6826,0,0,6,1
5,28,36568.0,6.254914482748587,6.357531325116497,OPTIMAL,6833,2,0,4,4
5,28,36609.0,6.254914482748587,6.357531325116497,OPTIMAL,6844,0,0,1,1
5,28,36627.0,6.255807652343926,6.357531325116497,OPTIMAL,6847,0,0,3,2
5,28,36707.0,6.255807652343926,6.357531325116497,OPTIMAL,6865,0,0,4,2
5,28,36738.0,6.255822902801688,6.357531325116497,OPTIMAL,6872,0,0,6,2
5,28,36819.0,6.255822902801688,6.357531325116497,OPTIMAL,6887,0,0,9,3
5,28,36849.0,6.256625756757717,6.357531325116497,OPTIMAL,6894,7,0,4,2
5,28,36933.0,6.256625756757717,6.357531325116497,OPTIMAL,6913,0,0,4,1
5,28,36966.0,6.257131795040667,6.357531325116497,OPTIMAL,6920,0,0,7,3
5,28,37042.0,6.257131795040667,6.357531325116497,OPTIMAL,6935,0,0,9,1
5,28,37082.0,6.2572158482235976,6.357531325116497,OPTIMAL,6942,5,0,5,5
5,28,37156.0,6.2572158482235976,6.357531325116497,OPTIMAL,6955,0,0,6,4
5,28,37193.0,6.257842092635258,6.357531325116497,OPTIMAL,6962,9,0,4,3
5,28,37252.0,6.257842092635258,6.357531325116497,OPTIMAL,6974,0,0,6,1
5,28,37288.0,6.258102036299523,6.357531325116497,OPTIMAL,6981,0,0,4,1
5,28,37347.0,6.258102036299523,6.357531325116497,OPTIMAL,6994,0,0,9,3
5,28,37381.0,6.258808218720574,6.357531325116497,OPTIMAL,7001,4,0,6,4
5,28,37452.0,6.258808218720574,6.357531325116497,OPTIMAL,7016,0,0,7,3
5,28,37493.0,6.258945135238967,6.357531325116497,OPTIMAL,7023,0,0,5,3
5,28,37566.0,6.258945135238967,6.357531325116497,OPTIMAL,7038,0,0,6,2
5,28,37601.0,6.2590364414999815,6.357531325116497,OPTIMAL,7044,1,0,8,2
5,28,37669.0,6.2590364414999815,6.357531325116497,OPTIMAL,7059,0,0,4,1
5,28,37701.0,6.259059189465243,6.357531325116497,OPTIMAL,7066,0,0,4,3
5,28,37769.0,6.259059189465243,6.357531325116497,OPTIMAL,7081,0,0,5,1
5,28,37805.0,6.259183024862685,6.357531325116497,OPTIMAL,7088,1,0,5,3
5,28,37851.0,6.259183024862685,6.357531325116497,OPTIMAL,7098,0,0,1,1
5,28,37871.0,6.260156776778938,6.357531325116497,OPTIMAL,7102,0,0,4,0
5,28,37949.0,6.260156776778938,6.357531325116497,OPTIMAL,7118,0,0,8,1
5,28,37984.0,6.261049373276737,6.357531325116497,OPTIMAL,7125,1,0,7,3
5,28,38050.0,6.261049373276737,6.357531325116497,OPTIMAL,7139,0,0,7,3
5,28,38088.0,6.2612210974168585,6.357531325116497,OPTIMAL,7147,9,0,3,5
5,28,38151.0,6.2612210974168585,6.357531325116497,OPTIMAL,7161,0,0,6,2
5,28,38192.0,6.261357160775185,6.357531325116497,OPTIMAL,7168,1,0,4,4
5,28,38255.0,6.261357160775185,6.357531325116497,OPTIMAL,7183,0,0,1,2
5,28,38290.0,6.261643632322551,6.357531325116497,OPTIMAL,7190,0,0,5,2
5,28,38357.0,6.261643632322551,6.357531325116497,OPTIMAL,7207,0,0,2,3
5,28,38383.0,6.261718314523839,6.357531325116497,OPTIMAL,7212,0,0,5,2
5,28,38453.0,6.261718314523839,6.357531325116497,OPTIMAL,7227,0,0,8,2
5,28,38487.0,6.262202788618501,6.357531325116497,OPTIMAL,7234,4,0,6,2
5,28,38566.0,6.262202788618501,6.357531325116497,OPTIMAL,7249,0,0,7,3
5,28,38602.0,6.262719308808773,6.357531325116497,OPTIMAL,7256,3,0,6,7
5,28,38676.0,6.262719308808773,6.357531325116497,OPTIMAL,7270,0,0,8,3
5,28,38713.0,6.2635500146122505,6.357531325116497,OPTIMAL,7277,2,0,5,2
5,28,38779.0,6.2635500146122505,6.357531325116497,OPTIMAL,7291,0,0,9,3
5,28,38811.0,6.264032166977437,6.357531325116497,OPTIMAL,7298,5,0,6,1
5,28,38896.0,6.264032166977437,6.357531325116497,OPTIMAL,7314,0,0,6,5
5,28,38929.0,6.26427019117064,6.357531325116497,OPTIMAL,7320,3,0,7,3
5,28,39025.0,6.26427019117064,6.357531325116497,OPTIMAL,7340,0,0,6,1
5,28,39068.0,6.264760977699135,6.357531325116497,OPTIMAL,7348,0,0,11,1
5,28,39122.0,6.264760977699135,6.357531325116497,OPTIMAL,7360,0,0,5,1
5,28,39152.0,6.26614937152021,6.357531325116497,OPTIMAL,7366,0,0,5,1
5,28,39250.0,6.26614937152021,6.357531325116497,OPTIMAL,7386,0,0,3,1
5,28,39287.0,6.266592599621694,6.357531325116497,OPTIMAL,7394,0,0,7,3
5,28,39347.0,6.266592599621694,6.357531325116497,OPTIMAL,7407,0,0,8,2
5,28,39382.0,6.266893511135823,6.357531325116497,OPTIMAL,7414,6,0,3,5
5,28,39443.0,6.266893511135823,6.357531325116497,OPTIMAL,7428,0,0,6,1
5,28,39474.0,6.266989493874781,6.357531325116497,OPTIMAL,7434,0,0,5,2
5,28,39542.0,6.266989493874781,6.357531325116497,OPTIMAL,7448,0,0,8,1
5,28,39582.0,6.26702755368072,6.357531325116497,OPTIMAL,7455,1,0,6,1
5,28,39660.0,6.26702755368072,6.357531325116497,OPTIMAL,7470,0,0,10,2
5,28,39695.0,6.267340247184563,6.357531325116497,OPTIMAL,7477,8,0,4,3
5,28,39767.0,6.267340247184563,6.357531325116497,OPTIMAL,7493,0,0,6,2
5,28,39800.0,6.267500624178958,6.357531325116497,OPTIMAL,7500,0,0,5,1
5,28,39849.0,6.267500624178958,6.357531325116497,OPTIMAL,7514,0,0,2,1
5,28,39876.0,6.267601757956688,6.357531325116497,OPTIMAL,7520,0,0,4,1
5,28,39958.0,6.267601757956688,6.357531325116497,OPTIMAL,7536,0,0,8,4
5,28,39993.0,6.2676512629899825,6.357531325116497,OPTIMAL,7543,5,0,5,5
5,28,40057.0,6.2676512629899825,6.357531325116497,OPTIMAL,7557,0,0,3,2
5,28,40089.0,6.267899562871392,6.357531325116497,OPTIMAL,7563,0,0,5,2
5,28,40169.0,6.267899562871392,6.357531325116497,OPTIMAL,7580,0,0,10,3
5,28,40204.0,6.268239505093268,6.357531325116497,OPTIMAL,7587,2,0,9,3
5,28,40262.0,6.268239505093268,6.357531325116497,OPTIMAL,7600,0,0,3,1
5,28,40300.0,6.268549553160615,6.357531325116497,OPTIMAL,7607,0,0,5,1
5,28,40361.0,6.268549553160615,6.357531325116497,OPTIMAL,7621,0,0,6,2
5,28,40396.0,6.268961870287442,6.357531325116497,OPTIMAL,7628,0,0,7,2
5,28,40464.0,6.268961870287442,6.357531325116497,OPTIMAL,7641,0,0,5,1
5,28,40501.0,6.26981007711394,6.357531325116497,OPTIMAL,7648,2,0,4,2
5,28,40562.0,6.26981007711394,6.357531325116497,OPTIMAL,7661,0,0,7,3
5,28,40593.0,6.269835921380729,6.357531325116497,OPTIMAL,7667,1,0,5,2
5,28,40672.0,6.269835921380729,6.357531325116497,OPTIMAL,7684,0,0,2,1
5,28,40708.0,6.270235811407836,6.357531325116497,OPTIMAL,7692,0,0,4,2
5,28,40792.0,6.270235811407836,6.357531325116497,OPTIMAL,7709,0,0,9,1
5,28,40828.0,6.270379665650411,6.357531325116497,OPTIMAL,7716,6,0,5,3
5,28,40919.0,6.270379665650411,6.357531325116497,OPTIMAL,7735,0,0,3,2
5,28,40955.0,6.2704550394964595,6.357531325116497,OPTIMAL,7742,0,0,6,1
5,28,41039.0,6.2704550394964595,6.357531325116497,OPTIMAL,7759,0,0,11,3
5,28,41071.0,6.270925863654682,6.357531325116497,OPTIMAL,7766,4,0,5,3
5,28,41137.0,6.270925863654682,6.357531325116497,OPTIMAL,7779,0,0,8,1
5,28,41176.0,6.271560760824589,6.357531325116497,OPTIMAL,7786,5,0,4,3
5,28,41250.0,6.271560760824589,6.357531325116497,OPTIMAL,7801,0,0,6,2
5,28,41287.0,6.272182806054602,6.357531325116497,OPTIMAL,7808,4,0,5,5
5,28,41371.0,6.272182806054602,6.357531325116497,OPTIMAL,7824,0,0,10,3
5,28,41402.0,6.273206792516082,6.357531325116497,OPTIMAL,7830,0,0,7,2
5,28,41472.0,6.273206792516082,6.357531325116497,OPTIMAL,7845,0,0,12,4
5,28,41501.0,6.273230513360509,6.357531325116497,OPTIMAL,7852,4,0,5,1
5,28,41586.0,6.273230513360509,6.357531325116497,OPTIMAL,7873,0,0,6,1
5,28,41619.0,6.273273662668798,6.357531325116497,OPTIMAL,7880,0,0,10,1
5,28,41702.0,6.273273662668798,6.357531325116497,OPTIMAL,7898,0,0,3,2
5,28,41736.0,6.273398530717644,6.357531325116497,OPTIMAL,7905,0,0,9,1
5,28,41815.0,6.273398530717644,6.357531325116497,OPTIMAL,7921,0,0,8,1
5,28,41848.0,6.27347415996548,6.357531325116497,OPTIMAL,7927,6,0,6,2
5,28,41901.0,6.27347415996548,6.357531325116497,OPTIMAL,7940,0,0,1,1
5,28,41924.0,6.273614640921492,6.357531325116497,OPTIMAL,7944,0,0,4,1
5,28,41979.0,6.273614640921492,6.357531325116497,OPTIMAL,7957,0,0,4,1
5,28,42007.0,6.273625432051286,6.357531325116497,OPTIMAL,7963,0,0,4,2
5,28,42097.0,6.273625432051286,6.357531325116497,OPTIMAL,7982,0,0,6,2
5,28,42131.0,6.273741985922016,6.357531325116497,OPTIMAL,7990,0,0,5,3
5,28,42206.0,6.273741985922016,6.357531325116497,OPTIMAL,8008,0,0,4,2
5,28,42238.0,6.273883507952473,6.357531325116497,OPTIMAL,8015,0,0,7,3
5,28,42296.0,6.273883507952473,6.357531325116497,OPTIMAL,8027,0,0,4,2
5,28,42331.0,6.27392203205034,6.357531325116497,OPTIMAL,8034,1,0,5,2
5,28,42405.0,6.27392203205034,6.357531325116497,OPTIMAL,8048,0,0,7,2
5,28,42438.0,6.274312954813842,6.357531325116497,OPTIMAL,8055,2,0,4,1
5,28,42507.0,6.274312954813842,6.357531325116497,OPTIMAL,8071,0,0,7,2
5,28,42539.0,6.2745363933886535,6.357531325116497,OPTIMAL,8078,1,0,6,5
5,28,42628.0,6.2745363933886535,6.357531325116497,OPTIMAL,8098,0,0,6,1
5,28,42659.0,6.274573789018394,6.357531325116497,OPTIMAL,8105,0,0,7,3
5,28,42739.0,6.274573789018394,6.357531325116497,OPTIMAL,8120,0,0,9,2
5,28,42776.0,6.27490403562142,6.357531325116497,OPTIMAL,8127,6,0,5,3
5,28,42845.0,6.27490403562142,6.357531325116497,OPTIMAL,8143,0,0,3,1
5,28,42891.0,6.274976132322469,6.357531325116497,OPTIMAL,8153,0,0,7,4
5,28,42964.0,6.274976132322469,6.357531325116497,OPTIMAL,8168,0,0,5,1
5,28,42997.0,6.274979325167046,6.357531325116497,OPTIMAL,8174,0,0,6,5
5,28,43076.0,6.274979325167046,6.357531325116497,OPTIMAL,8190,0,0,11,3
5,28,43109.0,6.275537761345205,6.357531325116497,OPTIMAL,8197,4,0,5,1
5,28,43179.0,6.275537761345205,6.357531325116497,OPTIMAL,8213,0,0,3,2
5,28,43212.0,6.275736563372171,6.357531325116497,OPTIMAL,8220,1,0,4,7
5,28,43295.0,6.275736563372171,6.357531325116497,OPTIMAL,8240,0,0,7,2
5,28,43329.0,6.275798857764896,6.357531325116497,OPTIMAL,8247,0,0,7,3
5,28,43405.0,6.275798857764896,6.357531325116497,OPTIMAL,8262,0,0,8,1
5,28,43450.0,6.275903585487749,6.357531325116497,OPTIMAL,8269,3,0,7,3
5,28,43500.0,6.275903585487749,6.357531325116497,OPTIMAL,8280,0,0,2,1
5,28,43530.0,6.275912408792173,6.357531325116497,OPTIMAL,8287,0,0,5,1
5,28,43603.0,6.275912408792173,6.357531325116497,OPTIMAL,8304,0,0,2,5
5,28,43636.0,6.27612311642574,6.357531325116497,OPTIMAL,8311,1,0,3,5
5,28,43700.0,6.27612311642574,6.357531325116497,OPTIMAL,8326,0,0,2,1
5,28,43729.0,6.276436715080082,6.357531325116497,OPTIMAL,8333,0,0,3,3
5,28,43822.0,6.276436715080082,6.357531325116497,OPTIMAL,8352,0,0,4,3
5,28,43856.0,6.276884013624108,6.357531325116497,OPTIMAL,8359,0,0,6,5
5,28,43887.0,6.276884013624108,6.357531325116497,OPTIMAL,8367,0,0,1,1
5,28,43917.0,6.277451761663407,6.357531325116497,OPTIMAL,8371,1,0,1,1
5,28,43979.0,6.277451761663407,6.357531325116497,OPTIMAL,8383,0,0,6,2
5,28,44007.0,6.277454574620521,6.357531325116497,OPTIMAL,8389,1,0,4,1
5,28,44082.0,6.277454574620521,6.357531325116497,OPTIMAL,8406,0,0,4,1
5,28,44113.0,6.277828907773902,6.357531325116497,OPTIMAL,8413,0,0,4,6
5,28,44193.0,6.277828907773902,6.357531325116497,OPTIMAL,8428,0,0,8,6
5,28,44223.0,6.278250068765039,6.357531325116497,OPTIMAL,8435,4,0,5,2
5,28,44285.0,6.278250068765039,6.357531325116497,OPTIMAL,8448,0,0,10,4
5,28,44312.0,6.278572931756642,6.357531325116497,OPTIMAL,8454,3,0,5,1
5,28,44370.0,6.278572931756642,6.357531325116497,OPTIMAL,8466,0,0,6,1
5,28,44405.0,6.2799571945460535,6.357531325116497,OPTIMAL,8473,2,0,6,2
5,28,44453.0,6.2799571945460535,6.357531325116497,OPTIMAL,8485,0,0,2,1
5,28,44487.0,6.28009583969235,6.357531325116497,OPTIMAL,8491,0,0,4,2
5,28,44562.0,6.28009583969235,6.357531325116497,OPTIMAL,8506,0,0,8,1
5,28,44596.0,6.280537416387521,6.357531325116497,OPTIMAL,8513,1,0,6,1
5,28,44675.0,6.280537416387521,6.357531325116497,OPTIMAL,8529,0,0,8,1
5,28,44708.0,6.28082619541731,6.357531325116497,OPTIMAL,8536,3,0,5,4
5,28,44783.0,6.28082619541731,6.357531325116497,OPTIMAL,8552,0,0,8,4
5,28,44816.0,6.281397011526762,6.357531325116497,OPTIMAL,8559,3,0,4,3
5,28,44900.0,6.281397011526762,6.357531325116497,OPTIMAL,8574,0,0,9,4
5,28,44928.0,6.2815506233137945,6.357531325116497,OPTIMAL,8580,4,0,4,3
5,28,44992.0,6.2815506233137945,6.357531325116497,OPTIMAL,8593,0,0,3,2
5,28,45028.0,6.281860329809755,6.357531325116497,OPTIMAL,8600,1,0,5,3
5,28,45093.0,6.281860329809755,6.357531325116497,OPTIMAL,8613,0,0,9,2
5,28,45125.0,6.281883386035522,6.357531325116497,OPTIMAL,8620,4,0,5,2
5,28,45203.0,6.281883386035522,6.357531325116497,OPTIMAL,8636,0,0,6,2
5,28,45236.0,6.28196473119889,6.357531325116497,OPTIMAL,8643,1,0,7,1
5,28,45290.0,6.28196473119889,6.357531325116497,OPTIMAL,8654,0,0,3,1
5,28,45320.0,6.281970989541867,6.357531325116497,OPTIMAL,8660,0,0,6,3
5,28,45411.0,6.281970989541867,6.357531325116497,OPTIMAL,8679,0,0,3,2
5,28,45447.0,6.28226490224595,6.357531325116497,OPTIMAL,8686,0,0,6,3
5,28,45518.0,6.28226490224595,6.357531325116497,OPTIMAL,8701,0,0,4,2
5,28,45561.0,6.283086098200131,6.357531325116497,OPTIMAL,8708,0,0,6,2
5,28,45619.0,6.283086098200131,6.357531325116497,OPTIMAL,8720,0,0,8,2
5,28,45650.0,6.283088290003369,6.357531325116497,OPTIMAL,8727,4,0,5,3
5,28,45719.0,6.283088290003369,6.357531325116497,OPTIMAL,8741,0,0,8,1
5,28,45751.0,6.283557153376639,6.357531325116497,OPTIMAL,8747,2,0,6,2
5,28,45815.0,6.283557153376639,6.357531325116497,OPTIMAL,8761,0,0,8,3
5,28,45849.0,6.284315054707008,6.357531325116497,OPTIMAL,8768,4,0,5,1
5,28,45937.0,6.284315054707008,6.357531325116497,OPTIMAL,8785,0,0,7,2
5,28,45972.0,6.284365500502955,6.357531325116497,OPTIMAL,8792,5,0,6,3
5,28,46029.0,6.284365500502955,6.357531325116497,OPTIMAL,8804,0,0,7,6
5,28,46063.0,6.284436160604694,6.357531325116497,OPTIMAL,8811,3,0,6,2
5,28,46125.0,6.284436160604694,6.357531325116497,OPTIMAL,8826,0,0,3,1
5,28,46154.0,6.284491456121405,6.357531325116497,OPTIMAL,8832,0,0,7,1
5,28,46232.0,6.284491456121405,6.357531325116497,OPTIMAL,8847,0,0,7,3
5,28,46262.0,6.2846603215764505,6.357531325116497,OPTIMAL,8853,5,0,5,1
5,28,46333.0,6.2846603215764505,6.357531325116497,OPTIMAL,8868,0,0,8,1
5,28,46364.0,6.284805725538257,6.357531325116497,OPTIMAL,8874,2,0,8,1
5,28,46419.0,6.284805725538257,6.357531325116497,OPTIMAL,8887,0,0,3,1
5,28,46451.0,6.285497243983121,6.357531325116497,OPTIMAL,8894,1,0,3,3
5,28,46517.0,6.285497243983121,6.357531325116497,OPTIMAL,8907,0,0,5,1
5,28,46549.0,6.2856325662240256,6.357531325116497,OPTIMAL,8913,1,0,6,2
5,28,46627.0,6.2856325662240256,6.357531325116497,OPTIMAL,8929,0,0,3,1
5,28,46661.0,6.285976337833276,6.357531325116497,OPTIMAL,8936,0,0,5,3
5,28,46723.0,6.285976337833276,6.357531325116497,OPTIMAL,8951,0,0,2,1
5,28,46754.0,6.2860417399597805,6.357531325116497,OPTIMAL,8958,0,0,5,2
5,28,46844.0,6.2860417399597805,6.357531325116497,OPTIMAL,8979,0,0,6,1
5,28,46877.0,6.2862487479920865,6.357531325116497,OPTIMAL,8986,0,0,10,1
5,28,46943.0,6.2862487479920865,6.357531325116497,OPTIMAL,9000,0,0,5,2
5,28,46983.0,6.286391574174423,6.357531325116497,OPTIMAL,9006,0,0,7,2
5,28,47050.0,6.286391574174423,6.357531325116497,OPTIMAL,9020,0,0,7,1
5,28,47079.0,6.2877482551903245,6.357531325116497,OPTIMAL,9027,2,0,5,5
5,28,47148.0,6.2877482551903245,6.357531325116497,OPTIMAL,9046,0,0,1,3
5,28,47185.0,6.288203554380036,6.357531325116497,OPTIMAL,9054,0,0,4,4
5,28,47247.0,6.288203554380036,6.357531325116497,OPTIMAL,9068,0,0,5,3
5,28,47279.0,6.2883836975403655,6.357531325116497,OPTIMAL,9075,1,0,6,3
5,28,47328.0,6.2883836975403655,6.357531325116497,OPTIMAL,9086,0,0,1,1
5,28,47349.0,6.288524002767186,6.357531325116497,OPTIMAL,9090,0,0,3,2
5,28,47420.0,6.288524002767186,6.357531325116497,OPTIMAL,9104,0,0,6,1
5,28,47452.0,6.288634155304404,6.357531325116497,OPTIMAL,9110,2,0,6,2
5,28,47525.0,6.288634155304404,6.357531325116497,OPTIMAL,9125,0,0,6,2
5,28,47558.0,6.288994373983399,6.357531325116497,OPTIMAL,9132,2,0,4,4
5,28,47639.0,6.288994373983399,6.357531325116497,OPTIMAL,9151,0,0,5,2
5,28,47678.0,6.28902835087508,6.357531325116497,OPTIMAL,9158,0,0,8,2
5,28,47749.0,6.28902835087508,6.357531325116497,OPTIMAL,9173,0,0,4,2
5,28,47783.0,6.2892252039396395,6.357531325116497,OPTIMAL,9180,0,0,5,1
5,28,47846.0,6.2892252039396395,6.357531325116497,OPTIMAL,9195,0,0,4,1
5,28,47879.0,6.289494843083437,6.357531325116497,OPTIMAL,9201,0,0,9,1
5,28,47957.0,6.289494843083437,6.357531325116497,OPTIMAL,9217,0,0,6,2
5,28,47991.0,6.289802717394182,6.357531325116497,OPTIMAL,9223,1,0,8,3
5,28,48029.0,6.289802717394182,6.357531325116497,OPTIMAL,9232,0,0,1,1
5,28,48048.0,6.289804828235031,6.357531325116497,OPTIMAL,9236,0,0,2,1
5,28,48103.0,6.289804828235031,6.357531325116497,OPTIMAL,9247,0,0,6,2
5,28,48134.0,6.290302461455158,6.357531325116497,OPTIMAL,9253,2,0,6,1
5,28,48197.0,6.290302461455158,6.357531325116497,OPTIMAL,9266,0,0,5,4
5,28,48226.0,6.29044520960046,6.357531325116497,OPTIMAL,9272,1,0,7,2
5,28,48303.0,6.29044520960046,6.357531325116497,OPTIMAL,9288,0,0,5,1
5,28,48337.0,6.2907319500224705,6.357531325116497,OPTIMAL,9295,6,0,3,5
5,28,48411.0,6.2907319500224705,6.357531325116497,OPTIMAL,9309,0,0,4,2
5,28,48440.0,6.2907936396040025,6.357531325116497,OPTIMAL,9315,1,0,6,1
5,28,48508.0,6.2907936396040025,6.357531325116497,OPTIMAL,9330,0,0,7,2
5,28,48538.0,6.290865048984968,6.357531325116497,OPTIMAL,9336,2,0,7,1
5,28,48607.0,6.290865048984968,6.357531325116497,OPTIMAL,9350,0,0,5,1
5,28,48643.0,6.291032410160343,6.357531325116497,OPTIMAL,9357,0,0,7,2
5,28,48725.0,6.291032410160343,6.357531325116497,OPTIMAL,9374,0,0,6,2
5,28,48758.0,6.291558035622864,6.357531325116497,OPTIMAL,9381,5,0,5,2
5,28,48830.0,6.291558035622864,6.357531325116497,OPTIMAL,9397,0,0,4,2
5,28,48865.0,6.292031863632554,6.357531325116497,OPTIMAL,9404,0,0,6,1
5,28,48940.0,6.292031863632554,6.357531325116497,OPTIMAL,9420,0,0,5,1
5,28,48971.0,6.292232097372511,6.357531325116497,OPTIMAL,9426,1,0,6,3
5,28,49038.0,6.292232097372511,6.357531325116497,OPTIMAL,9441,0,0,6,4
5,28,49070.0,6.292320900408186,6.357531325116497,OPTIMAL,9448,4,0,4,5
5,28,49154.0,6.292320900408186,6.357531325116497,OPTIMAL,9465,0,0,5,2
5,28,49185.0,6.292681144684998,6.357531325116497,OPTIMAL,9472,0,0,6,2
5,28,49256.0,6.292681144684998,6.357531325116497,OPTIMAL,9487,0,0,7,2
5,28,49289.0,6.293215251545105,6.357531325116497,OPTIMAL,9494,3,0,4,2
5,28,49334.0,6.293215251545105,6.357531325116497,OPTIMAL,9506,0,0,1,1
5,28,49365.0,6.293719646150796,6.357531325116497,OPTIMAL,9513,0,0,3,3
5,28,49431.0,6.293719646150796,6.357531325116497,OPTIMAL,9528,0,0,7,1
5,28,49471.0,6.294187741433689,6.357531325116497,OPTIMAL,9535,1,0,8,3
5,28,49532.0,6.294187741433689,6.357531325116497,OPTIMAL,9548,0,0,3,2
5,28,49563.0,6.2942830236759635,6.357531325116497,OPTIMAL,9554,0,0,8,0
5,28,49638.0,6.2942830236759635,6.357531325116497,OPTIMAL,9570,0,0,8,1
5,28,49673.0,6.294324287851742,6.357531325116497,OPTIMAL,9577,1,0,8,6
5,28,49742.0,6.294324287851742,6.357531325116497,OPTIMAL,9592,0,0,1,2
5,28,49780.0,6.294799823703958,6.357531325116497,OPTIMAL,9600,0,0,5,6
